%% SCRIPT 1: GERAR IMAGENS COM JET COLORMAP E SALVAR COMO NUMPY ARRAY

%% Images definitions
nomeSaudaveis=[
%     'T0174.1.1.S.2013-03-20.00',
%     'T0174.1.2.S.2013-03-20.00',
%     'T0174.1.3.S.2013-03-20.00',
%     'T0174.1.4.S.2013-03-20.00',
%     'T0174.1.5.S.2013-03-20.00',
    
    'T0177.1.1.S.2013-03-20.00',
    'T0177.1.2.S.2013-03-20.00',
    'T0177.1.3.S.2013-03-20.00',
    'T0177.1.4.S.2013-03-20.00',
    'T0177.1.5.S.2013-03-20.00',
    
%     'T0182.1.1.S.2013-05-24.00',
%     'T0182.1.2.S.2013-05-24.00',
%     'T0182.1.3.S.2013-05-24.00',
%     'T0182.1.4.S.2013-05-24.00',
%     'T0182.1.5.S.2013-05-24.00',
    
    'T0188.1.1.S.2013-08-12.00',
    'T0188.1.2.S.2013-08-12.00',
    'T0188.1.3.S.2013-08-12.00',
    'T0188.1.4.S.2013-08-12.00',
    'T0188.1.5.S.2013-08-12.00',
    
    'T0189.1.1.S.2013-09-30.00',
    'T0189.1.2.S.2013-09-30.00',
    'T0189.1.3.S.2013-09-30.00',
    'T0189.1.4.S.2013-09-30.00',
    'T0189.1.5.S.2013-09-30.00',
    
    'T0190.1.1.S.2013-09-30.00',
    'T0190.1.2.S.2013-09-30.00',
    'T0190.1.3.S.2013-09-30.00',
    'T0190.1.4.S.2013-09-30.00',
    'T0190.1.5.S.2013-09-30.00',
    
    'T0191.1.1.S.2013-09-06.00',
    'T0191.1.2.S.2013-09-06.00',
    'T0191.1.3.S.2013-09-06.00',
    'T0191.1.4.S.2013-09-06.00',
    'T0191.1.5.S.2013-09-06.00',
    
    'T0193.1.1.S.2013-10-02.00',
    'T0193.1.2.S.2013-10-02.00',
    'T0193.1.3.S.2013-10-02.00',
    'T0193.1.4.S.2013-10-02.00',
    'T0193.1.5.S.2013-10-02.00',
    
    'T0194.1.1.S.2013-10-02.00',
    'T0194.1.2.S.2013-10-02.00',
    'T0194.1.3.S.2013-10-02.00',
    'T0194.1.4.S.2013-10-02.00',
    'T0194.1.5.S.2013-10-02.00',
    
    'T0195.1.1.S.2013-10-07.00',
    'T0195.1.2.S.2013-10-07.00',
    'T0195.1.3.S.2013-10-07.00',
    'T0195.1.4.S.2013-10-07.00',
    'T0195.1.5.S.2013-10-07.00',
    
    'T0196.1.1.S.2013-10-07.00',
    'T0196.1.2.S.2013-10-07.00',
    'T0196.1.3.S.2013-10-07.00',
    'T0196.1.4.S.2013-10-07.00',
    'T0196.1.5.S.2013-10-07.00',
    
    'T0199.1.1.S.2013-10-07.00',
    'T0199.1.2.S.2013-10-07.00',
    'T0199.1.3.S.2013-10-07.00',
    'T0199.1.4.S.2013-10-07.00',
    'T0199.1.5.S.2013-10-07.00',
    
    'T0200.1.1.S.2013-10-07.00',
    'T0200.1.2.S.2013-10-07.00',
    'T0200.1.3.S.2013-10-07.00',
    'T0200.1.4.S.2013-10-07.00',
    'T0200.1.5.S.2013-10-07.00',
    
    'T0201.1.1.S.2013-10-28.00',
    'T0201.1.2.S.2013-10-28.00',
    'T0201.1.3.S.2013-10-28.00',
    'T0201.1.4.S.2013-10-28.00',
    'T0201.1.5.S.2013-10-28.00',
    
    'T0208.1.1.S.2013-10-28.00',
    'T0208.1.2.S.2013-10-28.00',
    'T0208.1.3.S.2013-10-28.00',
    'T0208.1.4.S.2013-10-28.00',
    'T0208.1.5.S.2013-10-28.00',
    
    'T0211.1.1.S.2013-11-08.00',
    'T0211.1.2.S.2013-11-08.00',
    'T0211.1.3.S.2013-11-08.00',
    'T0211.1.4.S.2013-11-08.00',
    'T0211.1.5.S.2013-11-08.00',
    
    'T0212.1.1.S.2013-11-08.00',
    'T0212.1.2.S.2013-11-08.00',
    'T0212.1.3.S.2013-11-08.00',
    'T0212.1.4.S.2013-11-08.00',
    'T0212.1.5.S.2013-11-08.00',
    
    'T0216.1.1.S.2013-11-11.00',
    'T0216.1.2.S.2013-11-11.00',
    'T0216.1.3.S.2013-11-11.00',
    'T0216.1.4.S.2013-11-11.00',
    'T0216.1.5.S.2013-11-11.00',
    
    'T0217.1.1.S.2013-11-11.00',
    'T0217.1.2.S.2013-11-11.00',
    'T0217.1.3.S.2013-11-11.00',
    'T0217.1.4.S.2013-11-11.00',
    'T0217.1.5.S.2013-11-11.00',
    
    'T0218.1.1.S.2013-11-11.00',
    'T0218.1.2.S.2013-11-11.00',
    'T0218.1.3.S.2013-11-11.00',
    'T0218.1.4.S.2013-11-11.00',
    'T0218.1.5.S.2013-11-11.00',
    
    'T0219.1.1.S.2013-11-11.00',
    'T0219.1.2.S.2013-11-11.00',
    'T0219.1.3.S.2013-11-11.00',
    'T0219.1.4.S.2013-11-11.00',
    'T0219.1.5.S.2013-11-11.00',
    
    'T0220.1.1.S.2013-11-18.00',
    'T0220.1.2.S.2013-11-18.00',
    'T0220.1.3.S.2013-11-18.00',
    'T0220.1.4.S.2013-11-18.00',
    'T0220.1.5.S.2013-11-18.00',
    
    'T0221.1.1.S.2013-11-18.00',
    'T0221.1.2.S.2013-11-18.00',
    'T0221.1.3.S.2013-11-18.00',
    'T0221.1.4.S.2013-11-18.00',
    
    'T0222.1.1.S.2013-11-18.00',
    'T0222.1.2.S.2013-11-18.00',
    'T0222.1.3.S.2013-11-18.00',
    'T0222.1.4.S.2013-11-18.00',
    'T0222.1.5.S.2013-11-18.00',
    
    'T0224.1.1.S.2013-11-18.00',
    'T0224.1.2.S.2013-11-18.00',
    'T0224.1.3.S.2013-11-18.00',
    'T0224.1.4.S.2013-11-18.00',
    'T0224.1.5.S.2013-11-18.00',
    
    'T0225.1.1.S.2013-11-18.00',
    'T0225.1.2.S.2013-11-18.00',
    'T0225.1.3.S.2013-11-18.00',
    'T0225.1.4.S.2013-11-18.00',
    'T0225.1.5.S.2013-11-18.00',
    
    'T0226.1.1.S.2013-11-18.00',
    'T0226.1.2.S.2013-11-18.00',
    'T0226.1.3.S.2013-11-18.00',
    'T0226.1.4.S.2013-11-18.00',
    'T0226.1.5.S.2013-11-18.00',
    
    'T0233.1.1.S.2013-12-11.00',
    'T0233.1.2.S.2013-12-11.00',
    'T0233.1.3.S.2013-12-11.00',
    'T0233.1.4.S.2013-12-11.00',
    'T0233.1.5.S.2013-12-11.00',
    
    'T0234.1.1.S.2013-12-11.00',
    'T0234.1.2.S.2013-12-11.00',
    'T0234.1.3.S.2013-12-11.00', 
    'T0234.1.4.S.2013-12-11.00',
    'T0234.1.5.S.2013-12-11.00',
    
    'T0236.1.1.S.2014-05-21.00',
    'T0236.1.2.S.2014-05-21.00',
    'T0236.1.3.S.2014-05-21.00',
    'T0236.1.4.S.2014-05-21.00',
    'T0236.1.5.S.2014-05-21.00',
    
    'T0237.1.1.S.2014-05-21.00',
    'T0237.1.2.S.2014-05-21.00',
    'T0237.1.3.S.2014-05-21.00',
    'T0237.1.4.S.2014-05-21.00',
    'T0237.1.5.S.2014-05-21.00',
    
    'T0238.1.1.S.2014-05-21.00',
    'T0238.1.2.S.2014-05-21.00',
    'T0238.1.3.S.2014-05-21.00',
    'T0238.1.4.S.2014-05-21.00',
    'T0238.1.5.S.2014-05-21.00',
    
    'T0239.1.1.S.2014-05-26.00',
    'T0239.1.2.S.2014-05-26.00',
    'T0239.1.3.S.2014-05-26.00',
    'T0239.1.4.S.2014-05-26.00',
    'T0239.1.5.S.2014-05-26.00',
    
    'T0243.1.1.S.2014-04-15.00', 
    'T0243.1.2.S.2014-04-15.00',
    'T0243.1.3.S.2014-04-15.00',
    'T0243.1.4.S.2014-04-15.00',
    'T0243.1.5.S.2014-04-15.00',
    
    'T0244.1.1.S.2014-05-06.00',
    'T0244.1.2.S.2014-05-06.00',
    'T0244.1.3.S.2014-05-06.00',
    'T0244.1.4.S.2014-05-06.00',
    'T0244.1.5.S.2014-05-06.00',
    
    'T0259.1.1.S.2014-11-07.00', 
    'T0259.1.2.S.2014-11-07.00',
    'T0259.1.3.S.2014-11-07.00',
    'T0259.1.4.S.2014-11-07.00',
    'T0259.1.5.S.2014-11-07.00',
    
    'T0261.1.1.S.2014-11-11.00',
    'T0261.1.2.S.2014-11-11.00',
    'T0261.1.3.S.2014-11-11.00',
    'T0261.1.4.S.2014-11-11.00',
    'T0261.1.5.S.2014-11-11.00',
    
    'T0272.1.1.S.2015-03-13.00',
    'T0272.1.2.S.2015-03-13.00',
    'T0272.1.3.S.2015-03-13.00',
    'T0272.1.5.S.2015-03-13.00',
    
    'T0275.1.1.S.2015-03-13.00',
    'T0275.1.2.S.2015-03-13.00',
    'T0275.1.3.S.2015-03-13.00',
    'T0275.1.4.S.2015-03-13.00',
    'T0275.1.5.S.2015-03-13.00',
    
    'T0276.1.1.S.2015-03-13.00',
    'T0276.1.2.S.2015-03-13.00',
    'T0276.1.3.S.2015-03-13.00',
    'T0276.1.4.S.2015-03-13.00',
    'T0276.1.5.S.2015-03-13.00',
];

